18000
18002
18006
18012
18014
18015
18018
18019
18027
18033
18034
18046
18047
18051
18056
18057
18058
18060
18061
18062
18068
18069
18072
18073
18074
18076
18077
18078
18079
18080
18081
18082
18089
18091
18092
18094
18095
18096
18097
18098
18103
18104
18105
18106
18107
18108
18109
18110
18111
18112
18113
18114
18121
18123
18124
18129
18130
18132
18134
18136
18139
18140
18141
18142
18144
18145
18152
18171
18179
18180
18187
18191
18192
18194
18195
18196
18197
18198
18199
18200
18201
18202
18203
18204
18206
18207
18208
18209
18210
18211
18212
18213
18214
18219
18220
18221
18222
18223
18226
18227